my homography:

# LM算法得到的解
(alpha=0.01, beta=1000)
miniFx:  79.15362041461916
 [[-4.53812282e+00 -3.29007613e+01  2.41458367e+02]
 [ 2.67711483e+01  2.18605704e+00  3.52405017e+01]
 [-2.75614748e-02  6.51152779e-03  1.00000000e+00]]

(alpha=0.01, beta=100)
miniFx:  79.15362041117237
 [[-4.53811840e+00 -3.29007637e+01  2.41458395e+02]
 [ 2.67711680e+01  2.18607576e+00  3.52404240e+01]
 [-2.75614449e-02  6.51159539e-03  1.00000000e+00]]

(alpha=0.01, beta=10)
miniFx:  79.15362040402711
[[-4.53812056e+00 -3.29007623e+01  2.41458380e+02]
 [ 2.67711576e+01  2.18606675e+00  3.52404635e+01]
 [-2.75614608e-02  6.51156223e-03  1.00000000e+00]]

# opencv得到的解
cv.findHomography
[[-4.53812042e+00 -3.29007623e+01  2.41458382e+02]
 [ 2.67711587e+01  2.18606767e+00  3.52404592e+01]
 [-2.75614594e-02  6.51156597e-03  1.00000000e+00]]

# 最小奇异值分解的最小奇异值对应的右向量解
[[-4.61857363e+00 -3.28363973e+01  2.41318679e+02]
 [ 2.66196593e+01  2.15831448e+00  3.54664404e+01]
 [-2.79988473e-02  6.39319908e-03  1.00000000e+00]]

Fxinit: 80.47042990889635
